0 1
1 2
2 3
3 4
4 5
5 1
6 2
7 3
8 4
9 5
10 1
11 2
12 3
13 4
14 5
15 1
16 2
17 3
18 4
19 5
20 1
21 2
22 3
23 4
24 5
25 1
26 2
27 3
28 4
29 5
30 1
31 2
32 3
33 4
34 5
35 1
36 2
37 3
38 4
39 5
40 1
41 2
42 3
43 4
44 5
45 1
46 2
47 3
48 4
49 5
50 1
51 2
52 3
53 4
54 5
55 1
56 2
57 3
58 4
59 5
60 1
61 2
62 3
63 4
64 5
65 1
66 2
67 3
68 4
69 5
70 1
71 2
72 3
73 4
74 5
75 1
76 2
77 3
78 4
79 5
80 1
81 2
82 3
83 4
84 5
85 1
86 2
87 3
88 4
89 5
90 1
91 2
92 3
93 4
94 5
95 1
96 2
97 3
98 4
99 5
